,X1,X2,Y
0,0.17793292846685016,0.5244313010528343,1
1,0.10875204646773828,0.3690363364825717,0
2,0.26392380678324623,0.34427136372575295,0
3,0.5484538498783357,0.14130603600008151,1
4,0.13524114758083638,0.29286318408404466,0
5,0.29643222566502325,0.3996813907080051,0
6,0.6396405163917935,0.5669194130889207,0
7,0.7166046142448403,0.8514655034807738,0
8,0.5464278529393506,0.8381104815992132,0
9,0.3589468404782886,0.5944586060664828,1
10,0.15165156998730112,0.33899549034701104,0
11,0.5436756982022348,0.2884418290216275,1
12,0.564884796339146,0.05913274692401416,1
13,0.9507314919827334,0.5770915524925427,0
14,0.3100437330890875,0.7808840978672844,1
15,0.7647802317165961,0.8490340983275988,0
16,0.4958864347651565,0.052250740403654516,0
17,0.09819782367642482,0.24319540065246725,0
18,0.6445757630500514,0.7444917739049316,0
19,0.4268776005193631,0.8865819594785326,1
20,0.6431325629033313,0.522659603971281,0
21,0.7754201738219644,0.09838273946561882,1
22,0.9112441102095264,0.8563991887593329,0
23,0.7726734012152165,0.21551530405518815,1
24,0.16001228880910423,0.8963533481388329,1
25,0.14743984341319483,0.4376156902574412,0
26,0.6733396372795953,0.5332742435558391,0
27,0.6377364398612757,0.7650651803381363,0
28,0.3561349539767106,0.40213575076612773,0
29,0.39921815552531414,0.9926859404009579,1
30,0.1747050483608762,0.2702311547962125,0
31,0.07128193313385744,0.13166747992989702,0
32,0.9472640355131312,0.1784574940086442,1
33,0.09861474954341043,0.9981241881140213,1
34,0.4268854687168142,0.7635904040119639,1
35,0.5135569132090768,0.8824627706221562,0
36,0.17290860222367888,0.24462209969037518,0
37,0.6500496152894154,0.36711654673485294,1
38,0.8924506063318624,0.33046420712520175,1
39,0.3964503826679606,0.15146028260253064,0
40,0.3583423955424757,0.3925987076192291,0
41,0.879977958535233,0.28213930201511417,1
42,0.0954699067342315,0.14894817594572451,0
43,0.12355070191325257,0.16396255297695683,0
44,0.41645668478264286,0.7565333141980828,1
45,0.7848399667695858,0.4406071594971265,1
46,0.9698213758145576,0.2884512232824402,1
47,0.2383464671722284,0.4132346321125996,0
48,0.1674624610395622,0.2528841751425326,0
49,0.1994740832434302,0.5970817897694806,1
50,0.4872661700429737,0.1312510966994751,0
51,0.39682201797943417,0.8724761264532657,1
52,0.11184633592684023,0.5784702045888839,1
53,0.2268345482628431,0.7836911898028346,1
54,0.7506998168516498,0.6259317081403636,0
55,0.7921602545131442,0.4435139349269237,1
56,0.8255684774397172,0.8688364039468558,0
57,0.13543238821359538,0.34957279275266007,0
58,0.5410997306954805,0.6694366604641399,0
59,0.1426750343571559,0.7086670582417073,1
60,0.414126278668811,0.9276592624135744,1
61,0.4267839667491544,0.7464181431995829,1
62,0.12116444963740736,0.9102522034287832,1
63,0.6967454784711083,0.6770295485214661,0
64,0.11385476956008267,0.7059891309713332,1
65,0.8644802702779087,0.8627673458601008,0
66,0.11429361043363195,0.9461698892644431,1
67,0.44817006697301953,0.2907052230221814,0
68,0.2914388737269843,0.4359077653134509,0
69,0.662825877892266,0.29654816181673227,1
70,0.20553131597718766,0.4299052266863015,0
71,0.6137150898761202,0.5282588345211106,0
72,0.10542862426001876,0.06816822196275718,0
73,0.5368478651467866,0.05260988981529657,1
74,0.4399341646364565,0.17922135630323632,0
75,0.43095202156969414,0.6510837903693036,1
76,0.8304801032762892,0.08880425253340785,1
77,0.4967054802153237,0.7953251862420839,1
78,0.8898489755380389,0.547881054042893,0
79,0.1289673366308759,0.21983669416367702,0
80,0.32725557281114726,0.06154759612158889,0
81,0.42445013688252886,0.025335493164906686,0
82,0.506601993766074,0.5717192133501091,0
83,0.40694934437342334,0.17206573533265368,0
84,0.4711275894528708,0.8143776963470698,1
85,0.9632699047339774,0.028681989573863143,1
86,0.20035977015693818,0.5153276872301975,1
87,0.41721186070841576,0.605373029605485,1
88,0.6336229340311562,0.08174412474127335,1
89,0.4152651067611597,0.15946522508757066,0
90,0.6330035447784227,0.06138915856457927,1
91,0.5741404511651638,0.8527920145709108,0
92,0.28204634182323707,0.061606532983071616,0
93,0.8457080075911059,0.07659521049978313,1
94,0.23443455854831896,0.9968248933322194,1
95,0.13150762214401424,0.029820270779282287,0
96,0.34854637832749,0.5222330690009558,1
97,0.4254881764730638,0.6744654348211165,1
98,0.012608892354757373,0.3291119288736535,0
99,0.779238581312363,0.5009538578687772,0
100,0.9321203285707104,0.17282180632869681,1
101,0.6676866370481618,0.7314633255066472,0
102,0.02566629905051998,0.3215619035575541,0
103,0.5615729648567153,0.290847620274751,1
104,0.5614659919000468,0.4086202404447511,1
105,0.14888758123385148,0.730567147806497,1
106,0.8326475431099836,0.2375341354564695,1
107,0.3139632418476084,0.9223133706486819,1
108,0.38651537159209737,0.1821406063829194,0
109,0.7407224649869917,0.6214120549727646,0
110,0.005562011219233498,0.04471154160935087,0
111,0.4884632766054492,0.4997798392676419,0
112,0.281358489486652,0.8565285367601836,1
113,0.8318607189315224,0.9745129269595157,0
114,0.010133349856892626,0.06060342701654364,0
115,0.7307967168124696,0.35979648784275264,1
116,0.8571810390885154,0.904828709048291,0
117,0.1190182827180093,0.14329902785651405,0
118,0.9009498274487244,0.5953263050267054,0
119,0.9675417238477076,0.7049748485124443,0
120,0.5632805668511084,0.5810151412092727,0
121,0.9977105506890683,0.1925328087415833,1
122,0.5208578828853664,0.3623636636792299,1
123,0.4403418973398816,0.23301176452392958,0
124,0.9755961641401841,0.44039786940335013,1
125,0.22543716786824886,0.33476313368627797,0
126,0.05241630956969734,0.7619963065207188,1
127,0.1967674863856026,0.4983457027718019,0
128,0.05834934936556502,0.6120813193904706,1
129,0.02160663093623072,0.024137964932736677,0
130,0.6477678329243435,0.7363371647024245,0
131,0.030256660319238016,0.19373766621251365,0
132,0.5061397184915775,0.7723176082217458,0
133,0.5527033217885474,0.49657579801923946,1
134,0.8873754881339451,0.9069998348683743,0
135,0.09659162828068935,0.8410986900421547,1
136,0.3394616897369106,0.010989711713255468,0
137,0.13923906243713713,0.16755885181408237,0
138,0.9160105324712635,0.5633961378104044,0
139,0.9195833344566585,0.030747385981437336,1
140,0.36725511339751726,0.5521495240841989,1
141,0.6116822554343463,0.8557145266276056,0
142,0.8132400263136625,0.31596715236710926,1
143,0.07308755428545077,0.012332122307927906,0
144,0.24930663770907013,0.4049670940972411,0
145,0.5003358162018183,0.15051874233354223,1
146,0.773315703973559,0.9998361963943695,0
147,0.5187945175752421,0.1078153422779875,1
148,0.4858701689919007,0.1588001210269836,0
149,0.6795253442936775,0.7025681844099576,0
150,0.38236957185741005,0.3480800789321111,0
151,0.3677101890363753,0.9973965992526057,1
152,0.4731902439168123,0.2185029995956852,0
153,0.8405072805757853,0.6844956662718071,0
154,0.6166407496668923,0.02838330396798916,1
155,0.7033241555205179,0.6827459792661235,0
156,0.2198047395912942,0.5337133894349881,1
157,0.10860733979334658,0.009836029052067263,0
158,0.2054682409365548,0.08595533634295194,0
159,0.06825091193213062,0.5552917236216274,1
160,0.8024004172795431,0.9539711723289479,0
161,0.6801834061688437,0.17240686638084657,1
162,0.6384876525834017,0.792009433953978,0
163,0.27621474602757834,0.7870906304952412,1
164,0.04726362813585383,0.45733510290035784,0
165,0.030354414052440992,0.5547582555878631,1
166,0.7714984872263311,0.39489727905033056,1
167,0.519008885879047,0.5491854114528585,0
168,0.7374383977717628,0.5083547087908571,0
169,0.6353836105337173,0.5042926105681971,0
170,0.19429162778960096,0.532133135526668,1
171,0.23506203805853565,0.7260560896508407,1
172,0.8977240824050904,0.019074976411988964,1
173,0.9987226228941164,0.6435163201940415,0
174,0.9722091810580779,0.740204961541365,0
175,0.04193813000537594,0.8192210317364689,1
176,0.902259557398849,0.7208877812400677,0
177,0.3038652045534884,0.8504280921639449,1
178,0.6373167236554704,0.3419209151521203,1
179,0.5644577286232747,0.8951053292491609,0
180,0.04952834486857338,0.9418680351727415,1
181,0.3256848142518979,0.9154226918200205,1
182,0.01820710886488275,0.14769465150372352,0
183,0.25790971925435235,0.029404322379731784,0
184,0.9546934500263079,0.7830935951013066,0
185,0.9399298607657465,0.731961007449285,0
186,0.5771500698415835,0.19305262121835953,1
187,0.4344319385738368,0.39114751831466854,0
188,0.19662581813139568,0.010152163349634868,0
189,0.11021841744614391,0.2352009835218366,0
190,0.9691987506792518,0.44302585657688964,1
191,0.0005878646228025808,0.8884321865785189,1
192,0.710059661525743,0.617839332660926,0
193,0.20346138037252093,0.6019789406079219,1
194,0.08301504806619275,0.8105532394353769,1
195,0.2596200191051874,0.48612454309200903,0
196,0.29918405478534427,0.4557502026289576,0
197,0.2161189484034549,0.9987125627040795,1
198,0.9814372653345849,0.09568307366626672,1
199,0.22704027307350894,0.49008760466869217,0
200,0.6056054174482718,0.19050117476633766,1
201,0.15550447565105752,0.011173231674651452,0
202,0.6546537426194663,0.41584345056496586,1
203,0.8746284641972053,0.7522736937273012,0
204,0.5112121649145479,0.4893015451382491,1
205,0.19137410212217,0.21285470328621348,0
206,0.021160406289014055,0.7198357741170306,1
207,0.016636590493719017,0.7142580231739091,1
208,0.17783806419914983,0.2226893258830135,0
209,0.3320455312290499,0.4612600509996646,0
210,0.14226266270701704,0.9238451252935159,1
211,0.8562030654827286,0.5353081016628242,0
212,0.07079743342933698,0.7670386077601218,1
213,0.22688925303957463,0.21475109367100753,0
214,0.9855607864396961,0.27449956415971544,1
215,0.5041955803968685,0.6485348717124042,0
216,0.9877341934392009,0.6891713340968849,0
217,0.7959508112431279,0.7268226699713626,0
218,0.992642568164302,0.2680919040013,1
219,0.5546913064441363,0.29025353190210634,1
220,0.4536693228981916,0.5872018529337825,1
221,0.25273308867299127,0.8889469239459411,1
222,0.5019316278347281,0.4093314837509143,1
223,0.6267253254386826,0.9053744942541282,0
224,0.12569987693554885,0.25115436184789697,0
225,0.23953849427593754,0.07962120345004498,0
226,0.641926169820656,0.5021253178453376,0
227,0.5248280189641421,0.26296792559917614,1
228,0.5212707394487905,0.34167402769347244,1
229,0.662540422563226,0.10511688201877245,1
230,0.5369321348647287,0.41449625316497685,1
231,0.3659393164003447,0.19629763365694164,0
232,0.5406204794187359,0.9382130390902792,0
233,0.10185065586493802,0.4554726313017097,0
234,0.7367408506986316,0.5229013011373713,0
235,0.5522800061450881,0.34930286459299553,1
236,0.15320768283967234,0.34301701017061603,0
237,0.889412223624428,0.8213617894155274,0
238,0.9459504593730941,0.4380941709628906,1
239,0.907933843714165,0.8098303787970687,0
240,0.27927340847572235,0.3465051535092082,0
241,0.6896306307149863,0.0410026224458373,1
242,0.7718378416949743,0.7814914823393008,0
243,0.05700099264731773,0.11342578950686033,0
244,0.6357775272258654,0.11325607175703267,1
245,0.25450494798017276,0.14613522428052617,0
246,0.054204485132049895,0.3128026600895526,0
247,0.8981285771584355,0.9945981883209328,0
248,0.4105619056054235,0.9957428110426422,1
249,0.1255273088971266,0.1709989630383273,0
250,0.27734403977855426,0.8664611024400829,1
251,0.8622731042701784,0.6823681000703393,0
252,0.09819829662283397,0.35266388188850284,0
253,0.532848999590398,0.8366028109726877,0
254,0.8438890756313191,0.5357969139309554,0
255,0.6229797895877616,0.7888291249396062,0
256,0.25871287165547463,0.48489417593614104,0
257,0.1499432612211934,0.17824377275043446,0
258,0.5044457206551564,0.22916178531869424,1
259,0.2449247354779066,0.775424049418562,1
260,0.3213476063713847,0.826166893323406,1
261,0.18290555709247436,0.5452404716362259,1
262,0.6416992102541496,0.5687448178323715,0
263,0.048324702527203334,0.7378616370786262,1
264,0.2940193251069554,0.5876849113730336,1
265,0.930610998562877,0.41259385027100925,1
266,0.4400490739743178,0.6218389398409789,1
267,0.39865153498161543,0.3423291872579355,0
268,0.8975192423181999,0.41341197091721327,1
269,0.3806415413846532,0.4305908455173535,0
270,0.5661698346544032,0.7543040486618847,0
271,0.9376352717354951,0.5102405227755059,0
272,0.201916997471841,0.31165516841317253,0
273,0.7448484997902852,0.03637836533448391,1
274,0.4342074748778194,0.9375032274632482,1
275,0.7163413150280107,0.5246894287760318,0
276,0.05948983580128875,0.4142174077206058,0
277,0.4483674069755187,0.7341292409969832,1
278,0.436844680603931,0.8846481679403398,1
279,0.28259159021350233,0.18797775313580678,0
280,0.7685492558275188,0.711318626279302,0
281,0.19353908434414846,0.4550722333401376,0
282,0.8216097762973562,0.31848995186644646,1
283,0.26339065029203956,0.06821743373623235,0
284,0.6002653919251691,0.9053454552114041,0
285,0.022775769389796197,0.7843761599227037,1
286,0.987010612305002,0.8966471235424086,0
287,0.7341302854620411,0.23248538631510163,1
288,0.8959757117816112,0.9384410400435794,0
289,0.9386819813575311,0.4966175201533831,1
290,0.08627713491550748,0.44084586702095396,0
291,0.6666939783788958,0.1345062990605138,1
292,0.26059349406604626,0.5190825751388418,1
293,0.5716353108758846,0.2329010777306667,1
294,0.882308147527664,0.0050887048721437456,1
295,0.4493198054058699,0.9773292307961485,1
296,0.5108448636448439,0.18151294259562,1
297,0.6043562253403297,0.23361802855632074,1
298,0.13218812747232245,0.6987462322552734,1
299,0.19945760397479628,0.15507698737669962,0
300,0.036506135133194784,0.9661019282296678,1
301,0.40002581880588617,0.8758999725012424,1
302,0.20345934546749522,0.9846380802659622,1
303,0.35499611676883147,0.390814614826391,0
304,0.13416675597248795,0.03230484805407641,0
305,0.11163131790877345,0.18990697862547956,0
306,0.05440818117819146,0.6308754077732684,1
307,0.4936895306104093,0.15480074225315565,0
308,0.41334834923351726,0.20921062965029513,0
309,0.37735410548548076,0.8036854945390745,1
310,0.4304231007655466,0.22200114297569218,0
311,0.6740751971687695,0.1016740214295564,1
312,0.6136026364933984,0.8445807206193252,0
313,0.867080983224137,0.03825265173733283,1
314,0.8006751203602136,0.5393722522554562,0
315,0.41337365377381075,0.5909144204428727,1
316,0.8622521887477921,0.8483103094349519,0
317,0.0570228130113799,0.6250882954022202,1
318,0.26396787553052103,0.45426802714061676,0
319,0.6556739417103868,0.8999787907994274,0
320,0.5523096736785037,0.35434701934672874,1
321,0.93979413249155,0.23805141584884015,1
322,0.7552304662252167,0.5334751150348094,0
323,0.03224137154575346,0.3400243575470506,0
324,0.4785299232172625,0.2300015962319688,0
325,0.29350684202039956,0.6473790884426954,1
326,0.24469385785674636,0.1470531596233381,0
327,0.9607365980756576,0.9040293756720305,0
328,0.2663051275667865,0.6361500115181168,1
329,0.6296877889111975,0.13957159040587597,1
330,0.10897050946520492,0.23377117885692456,0
331,0.13267352812900313,0.16512126565045493,0
332,0.36173243126043375,0.3958764025917362,0
333,0.612817536648507,0.19949688618160732,1
334,0.9821385703339883,0.8551905070738074,0
335,0.7564903899993031,0.7153465523391278,0
336,0.07327865095713837,0.8593735745001341,1
337,0.3598864617776689,0.5378038563484199,1
338,0.3384757911919819,0.1409649146650419,0
339,0.8301347197879769,0.37590911303307073,1
340,0.5174116868197455,0.08465253688078866,1
341,0.8184094142888939,0.20218049827463402,1
342,0.9762419399316395,0.8046732351631002,0
343,0.19689659172068275,0.4238912340736739,0
344,0.4713426500368184,0.14445657933723477,0
345,0.5417197808234999,0.07978335953487647,1
346,0.10055026134335798,0.3390527443190233,0
347,0.4043046961211877,0.6962314216220007,1
348,0.5510785981557851,0.4079610943035371,1
349,0.9704333735326172,0.6491134868458975,0
350,0.18159787219609735,0.45273354293775214,0
351,0.11284481762508647,0.7749301480854572,1
352,0.23841726900752602,0.7603266760747691,1
353,0.4788811140097051,0.8152342648094586,1
354,0.5436883634458483,0.2012955437032633,1
355,0.45501956996745097,0.5364040384070187,1
356,0.1206429696368414,0.009785564786207623,0
357,0.6403721196107719,0.7417954785794761,0
358,0.47779012427951784,0.621213645888283,1
359,0.002787183020537487,0.3509695128951005,0
360,0.5761144030733296,0.2944506769417762,1
361,0.6559824881549158,0.4235699633612522,1
362,0.7860183637352769,0.7827785545509429,0
363,0.2717614394124316,0.8069738420087038,1
364,0.9897397040263105,0.4686544482059912,1
365,0.8759169766453005,0.7936594614718351,0
366,0.7666168384148558,0.8388104909169818,0
367,0.29300557868619803,0.9917838302916084,1
368,0.06876022005796534,0.02029079793097277,0
369,0.2662609932967428,0.9845165877702131,1
370,0.8610937912202857,0.9283525993612993,0
371,0.00884839308476082,0.1759634194271269,0
372,0.2254504888494473,0.14495219331160536,0
373,0.7877066658518749,0.635872648867856,0
374,0.8322249191491219,0.62114985888189,0
375,0.6391039056543438,0.6132241893255488,0
376,0.08417953851653659,0.9645665075818356,1
377,0.25581210988142145,0.8512598164041542,1
378,0.5370256522521426,0.8377194557798952,0
379,0.43906775711153256,0.8906264905760652,1
380,0.07401299449646714,0.12328158236777065,0
381,0.7835259344826775,0.9550546069034144,0
382,0.2743760280600299,0.09789605239174692,0
383,0.9289930375148522,0.5480123396364496,0
384,0.7354067686302372,0.8888419277870067,0
385,0.6428592401660898,0.8961071419336337,0
386,0.49165645242538736,0.03904995847073467,0
387,0.9056956384388716,0.3900784477026269,1
388,0.8355723782543436,0.3693476436909733,1
389,0.4142798839250581,0.7252926352486319,1
390,0.7858145640354883,0.4462498470819807,1
391,0.9773396086182439,0.107220939548066,1
392,0.5053391911143009,0.10371901956751506,1
393,0.7025904073258883,0.8377344352016967,0
394,0.8860777841968018,0.06172534576961597,1
395,0.24896943007834205,0.007348355163906084,0
396,0.15112113366191027,0.6704348297871553,1
397,0.9422364618882457,0.18945537209534258,1
398,0.7506002642537954,0.44980202578495,1
399,0.32058272570736857,0.07770289034134836,0
400,0.3676301692257665,0.8118947340960191,1
401,0.9455288727279939,0.6058017264526265,0
402,0.15937506533951973,0.21789758889617972,0
403,0.27612589014447,0.09429196525404193,0
404,0.3402448957176658,0.6828366333141022,1
405,0.4241660807012153,0.8445133567263203,1
406,0.8949161039208252,0.7026862778007609,0
407,0.7259766220521768,0.9638395914480143,0
408,0.09232218094042499,0.5019125653246369,1
409,0.25518671731398135,0.17564561004247992,0
410,0.3069008111903021,0.6195734967648635,1
411,0.28020141561677325,0.9334202189751329,1
412,0.4016150654815339,0.17101854884830037,0
413,0.6969877958872018,0.086516709353057,1
414,0.4475135153527049,0.9119670292388765,1
415,0.08188081775821199,0.3615640848095556,0
416,0.6808804400477427,0.7597834075438704,0
417,0.29270031957901266,0.13019571719112577,0
418,0.5043954279131311,0.529369715626992,0
419,0.5041185959703189,0.540798116717057,0
420,0.20161965652571734,0.9581173451361039,1
421,0.08174108452188278,0.3581625664992881,0
422,0.6233821221143947,0.7190134217918801,0
423,0.8915656690769231,0.47013398550441254,1
424,0.9349164757699652,0.4546537667956524,1
425,0.8858387937203334,0.051691117705172096,1
426,0.5550199979892143,0.8998150986307396,0
427,0.031346768995415775,0.15807604562245092,0
428,0.5978911830451146,0.9721007665800988,0
429,0.8024849764714166,0.625899129720174,0
430,0.4107727326432118,0.5314152744523483,1
431,0.9753122252407469,0.263586667030019,1
432,0.3567338982217778,0.41195657673006625,0
433,0.9809899360885886,0.6617013116928588,0
434,0.12960917046390286,0.4566992194206143,0
435,0.1739202032450603,0.21017108736747758,0
436,0.9117083727201054,0.2899197959158041,1
437,0.9591557125543614,0.4692862926938923,1
438,0.28471373936006406,0.46117866351379144,0
439,0.3170356335956733,0.5813570005528681,1
440,0.6747457970556857,0.38220899588766366,1
441,0.2179484176820815,0.20503744668261548,0
442,0.8538478318819787,0.9529432893897102,0
443,0.756908400361071,0.7767655203136081,0
444,0.05110265979296824,0.3614434070946877,0
445,0.06987546314470516,0.07323011376077415,0
446,0.38338039851343597,0.7267732582391665,1
447,0.29254070683017863,0.002876082736548824,0
448,0.8925263689571662,0.9666873408183637,0
449,0.9007947412109448,0.21753774202254195,1
450,0.6445508516706604,0.7164286630745457,0
451,0.8416722614960752,0.47652936675740665,1
452,0.7920619230712372,0.1299904218756942,1
453,0.6753686658845107,0.06115707280562288,1
454,0.8025424678500742,0.7361028652294263,0
455,0.17464996824287615,0.45965409474480357,0
456,0.03616135174817914,0.18306467500734014,0
457,0.6363847996679556,0.7040825168507832,0
458,0.3796284981362654,0.41566058125003147,0
459,0.19737629292129055,0.2194564775830241,0
460,0.33135159007665005,0.8426118978922005,1
461,0.22209406481650484,0.9543648371098057,1
462,0.3740170064729199,0.024287895093608403,0
463,0.1836796362855101,0.5474149104365007,1
464,0.9388787472413053,0.061664572783234894,1
465,0.7916492582285829,0.3923492047677106,1
466,0.3578517323863044,0.1971346613658107,0
467,0.17464541432736536,0.5409619449202487,1
468,0.0335389688319736,0.8948163325568227,1
469,0.18391214351379293,0.937602248001497,1
470,0.20806916257173336,0.11666698437601497,0
471,0.4060866883614891,0.266314256581865,0
472,0.4344707966724325,0.45574130958119385,0
473,0.5105281072896526,0.5308549278443276,0
474,0.09576109740609584,0.9006071078902366,1
475,0.513153353247021,0.11468219325894724,1
476,0.3120108311211828,0.052790842573711805,0
477,0.045212887373183186,0.4338732649447782,0
478,0.10674762996618048,0.7684158450367093,1
479,0.07857833969385686,0.36497171830097386,0
480,0.8998669885937874,0.4410912620533708,1
481,0.623192757875359,0.9023588137966589,0
482,0.7237410859605072,0.04934938082048612,1
483,0.623370214627485,0.24191007683470644,1
484,0.09171937219810355,0.39283731775762987,0
485,0.7788446880768953,0.12839061533330887,1
486,0.7760155580943485,0.3930516687437601,1
487,0.370997710985396,0.1258130982659924,0
488,0.5200905090593375,0.5257767749208607,0
489,0.16644091465626432,0.20441626382154132,0
490,0.019144752127758458,0.10214221283505076,0
491,0.1901151988020655,0.596049526747534,1
492,0.7593478688912563,0.8592606822412291,0
493,0.7354517176578929,0.5048011509196829,0
494,0.4301249272044205,0.11797843899339988,0
495,0.4432305156266356,0.1771651833810729,0
496,0.1803444184130476,0.7738793912736533,1
497,0.45676444244280245,0.15134398838536134,0
498,0.6918810981352737,0.20957877293719884,1
499,0.7824290752194597,0.807138092362483,0
500,0.8868638539414219,0.4132737414416403,1
501,0.2588374949400102,0.2458144728016256,0
502,0.5807590594048646,0.34124492696575903,1
503,0.4174188126448656,0.9499269155511263,1
504,0.5174095963962871,0.26496212290186016,1
505,0.49551132817066224,0.6628365047051029,1
506,0.07793884652816085,0.5558346880386419,1
507,0.8461453085138508,0.06492261208857719,1
508,0.9600648876603838,0.8187973143912879,0
509,0.2645221547301223,0.12879964388469534,0
510,0.7109030305344806,0.5361084918604673,0
511,0.4068865034263619,0.7854069786600082,1
512,0.3875325480234443,0.8743860900975794,1
513,0.030510927049717806,0.03477657194149686,0
514,0.587835936453403,0.26033307013148044,1
515,0.9015173221296748,0.22336798011272174,1
516,0.1002236678999816,0.9464905263434156,1
517,0.34546948451788895,0.3271175177922673,0
518,0.20275599225036411,0.5703258241089642,1
519,0.9233923797475025,0.26221676563397245,1
520,0.8143108856507113,0.6662629041831503,0
521,0.09085193520530754,0.6574402499635998,1
522,0.4153327532675851,0.6264230216362097,1
523,0.6548352703123885,0.1723388016524796,1
524,0.2563980085640559,0.1387790869401243,0
525,0.3541852686122502,0.42130350588446364,0
526,0.37736477798632984,0.12445989998122065,0
527,0.756120668964015,0.6255128104389273,0
528,0.15229031856475383,0.2296848565251598,0
529,0.3346938748653784,0.552609509907453,1
530,0.8907142887253656,0.07500346753418574,1
531,0.798392503875168,0.9762572347457404,0
532,0.11956897777046926,0.4965600758093913,0
533,0.351613057714664,0.9709184445339397,1
534,0.8308878722744437,0.2172126496515463,1
535,0.09913993647810637,0.23204399342902593,0
536,0.7410304935468173,0.25052382233744674,1
537,0.141165057066873,0.4865008309415605,0
538,0.8360185248203096,0.2498125376886775,1
539,0.1605772871084501,0.39033626195449145,0
540,0.4008450418801811,0.4498445745169565,0
541,0.2764862726541373,0.17107464456497012,0
542,0.13622279662557746,0.9671589661250916,1
543,0.6233876768904993,0.4051234353206442,1
544,0.3395165492327913,0.22809317361122194,0
545,0.3961492763173381,0.4118115722634913,0
546,0.7119663505278458,0.948501228988366,0
547,0.35522091252522936,0.014991666317153762,0
548,0.8054488085813526,0.9624796721649731,0
549,0.1868158747494767,0.4764957843995362,0
550,0.08425601049953624,0.2807396766805219,0
551,0.450029679583253,0.6680583320150467,1
552,0.621487628177509,0.4736451647127059,1
553,0.5324173673124801,0.12442456866198925,1
554,0.3417377340643061,0.5520921308038507,1
555,0.08234880222129393,0.18512564858262737,0
556,0.8874758552820525,0.06307243782608352,1
557,0.40754914027997424,0.8640783491409723,1
558,0.38943352247756446,0.24621394462652568,0
559,0.6406401578571932,0.6568667392479386,0
560,0.39667785250145593,0.0025304508533405823,0
561,0.8830091359050991,0.6245850098848891,0
562,0.001815239452691575,0.2772660027783218,0
563,0.3331822966977005,0.5720123673648738,1
564,0.8587078334181816,0.2519345635444986,1
565,0.7328454197980249,0.07665604380007829,1
566,0.12284787595415736,0.9230547719253331,1
567,0.0009280224151452243,0.9182277499955671,1
568,0.15929465479563643,0.1298169790573741,0
569,0.38226969021265067,0.8725682273807703,1
570,0.9378648092620111,0.09075804898284534,1
571,0.1454108619976684,0.7677468390279997,1
572,0.6564891839765062,0.7094697640466933,0
573,0.7339445815426784,0.6033097526302693,0
574,0.04891761231920144,0.0975400655709352,0
575,0.9716553375872162,0.7298589204494915,0
576,0.5470420509298083,0.02493845265599659,1
577,0.9320106893716912,0.7809846634889424,0
578,0.8871366623799238,0.9710442256138095,0
579,0.7551795864444013,0.3957643624959485,1
580,0.8320706292110163,0.8796503317528628,0
581,0.9676508892284861,0.25496190034474064,1
582,0.5391296590408847,0.7025352959573861,0
583,0.25342970593747327,0.09579360928558489,0
584,0.9799532617572987,0.872000129662568,0
585,0.08221393354451723,0.8532192359147716,1
586,0.6777702194349704,0.5708030415761054,0
587,0.44748500615192044,0.34255584495106184,0
588,0.640384614597351,0.8627866973819133,0
589,0.8692865142677044,0.8158229708948198,0
590,0.11662141544160498,0.9053925984719235,1
591,0.31722020398242323,0.9581082520717367,1
592,0.5093093616537396,0.337072029705485,1
593,0.10234650502806064,0.11194016553160968,0
594,0.9509174666406884,0.6336743416396072,0
595,0.9419449187994794,0.6213111232706648,0
596,0.9930593759042693,0.2443907483724732,1
597,0.40524545103524046,0.4057618105062474,0
598,0.40721521693545204,0.6637678271862677,1
599,0.9448245811860186,0.28968417289006876,1
600,0.04421887231015642,0.08150296765705078,0
601,0.9655140899656887,0.3739296454053739,1
602,0.6225438805883181,0.2921273715582601,1
603,0.30119709869566624,0.5166217303927368,1
604,0.530207976887173,0.3208050587385377,1
605,0.8096344310723373,0.4351316379955844,1
606,0.5875713966106433,0.3403986144952783,1
607,0.5885991971621675,0.21965483303656463,1
608,0.9578862819964757,0.8712752475034281,0
609,0.9667567949181652,0.8135898165239246,0
610,0.24342749140731346,0.9360518954443424,1
611,0.005449330505084338,0.20154475620565682,0
612,0.592744134230197,0.13347542939153145,1
613,0.8288567493393258,0.9917793174392759,0
614,0.8626744072489473,0.8369842122760431,0
615,0.6364218360009747,0.5283139219574577,0
616,0.03577169526239621,0.32236231764395484,0
617,0.7600521673176233,0.9865460696997512,0
618,0.9465203729541587,0.3392385243722007,1
619,0.7411061576630358,0.8775088998826408,0
620,0.9533619958602729,0.6526633243896007,0
621,0.9318493105722028,0.12983957700730864,1
622,0.05984208389919754,0.4787741745425236,0
623,0.727141838012808,0.1120531571814527,1
624,0.5861458559695856,0.026679448265991,1
625,0.4474902547163401,0.08528568839285322,0
626,0.3762115402242522,0.902271484855325,1
627,0.9443127691651362,0.8486711847609021,0
628,0.7065800785305559,0.9201859638289206,0
629,0.5827021362033749,0.32162992442101823,1
630,0.07998125175760484,0.345922702121362,0
631,0.5355118904411271,0.12250990950579999,1
632,0.381846806418503,0.033031785035817385,0
633,0.09263293106897785,0.2822985722364828,0
634,0.2519683779881281,0.03297710793677444,0
635,0.7094186966735171,0.23114548953913838,1
636,0.25410784825907207,0.8529632342097522,1
637,0.618246627354544,0.49290903234594896,1
638,0.34814624146453765,0.9527625490885262,1
639,0.14047304016905737,0.8997643910373289,1
640,0.5615705569749434,0.1708966074874957,1
641,0.30882816989763795,0.9661905447042048,1
642,0.36744509366834444,0.7142371330349739,1
643,0.17188916249144226,0.47979599814610663,0
644,0.032118096394504136,0.841191974749834,1
645,0.01631324328288819,0.20067991756398007,0
646,0.8180556470233106,0.8250572094661793,0
647,0.8690479947407633,0.5144468647278371,0
648,0.7368796068526637,0.9699047287695934,0
649,0.663603312374388,0.8090318084753781,0
650,0.03286899601586879,0.9906641294850586,1
651,0.9267502730980769,0.06567249259612529,1
652,0.5710096186808596,0.5466341357390015,0
653,0.26493492642666483,0.5507748412523447,1
654,0.5954740196284297,0.6769303980607296,0
655,0.5249656292267364,0.5860006296200936,0
656,0.4944615574241227,0.4862970912279643,0
657,0.4903345985879003,0.740140076016271,1
658,0.37033488557701866,0.5666857565528624,1
659,0.5994353230167125,0.189061455295517,1
660,0.6596591867358755,0.2178505760645273,1
661,0.3490547840928079,0.6301420738604989,1
662,0.6031763397115657,0.8898253236149695,0
663,0.9512474713258421,0.3592818680635764,1
664,0.1956056062579934,0.609218460127904,1
665,0.8457122803588106,0.10190801776767566,1
666,0.8785466454987844,0.0881104851673995,1
667,0.48870305882175724,0.6213249105368092,1
668,0.8495439598623283,0.34943847500114533,1
669,0.3563532738577615,0.7445454736195516,1
670,0.7225814758590297,0.2730224372141228,1
671,0.3916070560592063,0.6487661988758854,1
672,0.39294711689510886,0.6831701489619648,1
673,0.364025230980612,0.78758333357728,1
674,0.9528110458606267,0.3332138436936344,1
675,0.5362762942677836,0.03033167713189855,1
676,0.5230278935469724,0.06293298490969279,1
677,0.9516743083440123,0.7027632875433149,0
678,0.34029072477423405,0.35094829362423074,0
679,0.1785928236385076,0.09400934443948117,0
680,0.12927043808143335,0.4378925331958904,0
681,0.5446115284588093,0.030569697474542523,1
682,0.9178764511546639,0.47868372696375194,1
683,0.7091464544756929,0.33363005195980144,1
684,0.24160557598010146,0.5620696154276615,1
685,0.47901710631453964,0.5746550176151364,1
686,0.9326765402635797,0.7981421387677466,0
687,0.24247990249903129,0.5276885636143163,1
688,0.10063324619053471,0.4753945651972259,0
689,0.9517642765850969,0.7567030583504266,0
690,0.18093489612635283,0.5126672789552377,1
691,0.8910188726073671,0.851315853445252,0
692,0.7104890923418148,0.2636224330472088,1
693,0.5507691383519855,0.42466798946099193,1
694,0.5248669263524859,0.5660273786118701,0
695,0.02217650074807298,0.788415623453265,1
696,0.47000315448154784,0.08569840786607263,0
697,0.3365281466401365,0.9751687211552864,1
698,0.8695820686680416,0.18719155892950112,1
699,0.940968372921924,0.33055012921171334,1
700,0.9236579464146881,0.8348695674134288,0
701,0.07734844394164919,0.010109221166577642,0
702,0.8116123889008243,0.3848388523758062,1
703,0.5725741010942562,0.5786953901004573,0
704,0.1495092810998352,0.9414104074088777,1
705,0.7425557782916826,0.9860566876815169,0
706,0.6176138762813862,0.9898764194672349,0
707,0.5100719571464561,0.243821408801436,1
708,0.23813110040781704,0.13803798008987822,0
709,0.9975574371862928,0.11015028867811738,1
710,0.6753061264977215,0.6646828122673343,0
711,0.8040835247642445,0.6604526274376425,0
712,0.2852604173777348,0.37464882667191,0
713,0.6582629727556654,0.6951891201539984,0
714,0.32929951275065983,0.19243355808365747,0
715,0.4813880477688508,0.3339915055724636,0
716,0.4721313018128792,0.9063911382129016,1
717,0.7573249620563367,0.8971433064413038,0
718,0.7334019705598954,0.3641505017398441,1
719,0.677610403830882,0.31455480549343506,1
720,0.869040780311413,0.6911507262479194,0
721,0.09375020373805132,0.5140931936969205,1
722,0.19947454201357695,0.20681732320798996,0
723,0.29208339546591866,0.9641407774291318,1
724,0.4600073221434645,0.816893353712433,1
725,0.6375306719926701,0.5955317579793882,0
726,0.853605825629833,0.14815651892777015,1
727,0.23651144180112604,0.24026581520596857,0
728,0.9998140288642281,0.7535679548763216,0
729,0.6960137063451274,0.39931170819545325,1
730,0.5555345426625788,0.9948155138982863,0
731,0.5067474739112878,0.41167841526745297,1
732,0.2919209484515507,0.8446977264298435,1
733,0.41893232332737584,0.47836750818679397,0
734,0.14085939172530915,0.799127182819659,1
735,0.9556759781125352,0.683647258657348,0
736,0.7695123648889973,0.9954756241462756,0
737,0.5475818189261076,0.10397320711348046,1
738,0.8374753502247081,0.571880373581676,0
739,0.8611607985344594,0.39503051714986903,1
740,0.6091494223782964,0.031924041987697716,1
741,0.43639038480739967,0.024761547995451383,0
742,0.20857025719375244,0.7192482244363333,1
743,0.8974493796009599,0.532793441834571,0
744,0.6381943191127222,0.02325281691333203,1
745,0.25371318012805477,0.905679474075895,1
746,0.2118347481700089,0.20707082843675073,0
747,0.26809048211627473,0.09378850428770857,0
748,0.6189512277262194,0.6180901984482299,0
749,0.5419452200724989,0.09800048866113842,1
750,0.6947091841964803,0.1268311664129832,1
751,0.5251786449003641,0.08852398203121314,1
752,0.5087122578624956,0.5321909565722722,0
753,0.42851641222769576,0.039684843288713356,0
754,0.5552304203649897,0.4366792473051384,1
755,0.07456064165453868,0.9314815201933881,1
756,0.07848612712587932,0.17435428153061883,0
757,0.3199756509255248,0.6433222844875068,1
758,0.6103312462997661,0.9969806208092948,0
759,0.4093714541935425,0.6216984628230381,1
760,0.5891007128134076,0.4549644672075652,1
761,0.33643453147497293,0.4128499785758779,0
762,0.28996967079967306,0.687835815865259,1
763,0.8731881856152821,0.025305766591843026,1
764,0.07224453164930833,0.008752111434263354,0
765,0.1053780593543987,0.7425599480014318,1
766,0.0353295915304207,0.8554357240465948,1
767,0.4765816289352717,0.9444965178530693,1
768,0.6107800487058939,0.16917569381763387,1
769,0.7626128950401709,0.4643417100396037,1
770,0.48880874610633473,0.7545006675154046,1
771,0.5183997332277585,0.7094520718746626,0
772,0.17342600991079438,0.7005973663693126,1
773,0.7605999540679377,0.017600874033346314,1
774,0.5861361881622892,0.5725974761593291,0
775,0.17797622239457578,0.06365924127345013,0
776,0.11268844562949853,0.23132556660081016,0
777,0.8497795756359033,0.9732708136105982,0
778,0.7403133232715783,0.26418040970490475,1
779,0.9533542123467015,0.8514630402253252,0
780,0.8821741037892652,0.756198668754649,0
781,0.7628409304135084,0.09580780330843608,1
782,0.7072423201853658,0.8566487984868845,0
783,0.8620953735974435,0.9022561298654019,0
784,0.8644516291853335,0.5442210940088654,0
785,0.24609724871063698,0.31674994205255536,0
786,0.5283385974915065,0.5540038008946067,0
787,0.8651921463988911,0.3858590484805462,1
788,0.5865138563006266,0.6922944727643169,0
789,0.08667934596431659,0.931985843299586,1
790,0.2703827199470702,0.7134264527674258,1
791,0.9875635439626401,0.5212364949804309,0
792,0.05090924283178089,0.4216648832337453,0
793,0.868761571369864,0.8315654711842945,0
794,0.35119128928264387,0.9180254910544475,1
795,0.9636218686496552,0.7918867885463257,0
796,0.7628482703215557,0.1727826350310152,1
797,0.5499754460818014,0.360159636410476,1
798,0.34951212320099223,0.5882233107098799,1
799,0.6314174812155434,0.008632313666186997,1
800,0.1940343266681046,0.29512562489302496,0
801,0.38839025086906764,0.7399306933736566,1
802,0.3769952904644288,0.15775974403230197,0
803,0.48836279144225214,0.8962126725128686,1
804,0.6971331859706648,0.09804231504351135,1
805,0.21137310615343874,0.9501332352962449,1
806,0.7010775129917961,0.3327927911474986,1
807,0.3950142706538,0.37666075252111,0
808,0.5717787853153901,0.35113433906730984,1
809,0.640408016806057,0.8938297804411203,0
810,0.5364317431354356,0.04637059249371844,1
811,0.29889130367985717,0.8826003098939311,1
812,0.6180037806184786,0.41056292248366655,1
813,0.5283840069610886,0.23955655855100488,1
814,0.27193080760144106,0.08737534094968769,0
815,0.47211097922970013,0.46853789254363065,0
816,0.4004501463553779,0.17669666847179533,0
817,0.6646702708049641,0.4616484062057752,1
818,0.9335303777539756,0.22297285913986997,1
819,0.6730884464055125,0.9047438738152239,0
820,0.2728353704196982,0.42406620665594374,0
821,0.8495247777273066,0.42788440334459343,1
822,0.6187406223785049,0.13713056812661517,1
823,0.8528959820857855,0.6716812504945754,0
824,0.29315392631953285,0.5084768052540342,1
825,0.9633811882384965,0.7698239081241226,0
826,0.9652256763539301,0.9679801824900118,0
827,0.02887225879492228,0.23514022445561766,0
828,0.5517639248457431,0.039022389942364066,1
829,0.3744100697640116,0.8717851764748931,1
830,0.07797870993031797,0.1601936557606427,0
831,0.1533760544753502,0.09109465345004708,0
832,0.22726675725674883,0.07922427152150524,0
833,0.26504875623246404,0.7141303084436273,1
834,0.9277550310991948,0.44043510294744037,1
835,0.19109955211052354,0.24617142989100294,0
836,0.9492344398951134,0.38604881944529346,1
837,0.9615146850920706,0.18136831163165423,1
838,0.21168125609978505,0.012517671338706182,0
839,0.024723185470053477,0.19940203826446656,0
840,0.06734840935185049,0.3845802399819944,0
841,0.7693069914557754,0.8512902783358832,0
842,0.9960174938445331,0.6604596799965433,0
843,0.5664346784408671,0.9192051774443595,0
844,0.17769995258553484,0.8778984879409848,1
845,0.36405239859762395,0.804087031040877,1
846,0.8900761361034044,0.745904175269354,0
847,0.9442977040767708,0.2281887908391086,1
848,0.008491008148493129,0.5033981791001073,1
849,0.3399387777914167,0.34772079645095444,0
850,0.8182723781053024,0.7868865903027591,0
851,0.6798292884570678,0.05283071543828477,1
852,0.12122720301473933,0.6261669637420323,1
853,0.5402179309676457,0.29204616676097783,1
854,0.3901528412972529,0.6073950446851355,1
855,0.732718211761862,0.05903211709876588,1
856,0.5510474772427911,0.26178151946189865,1
857,0.13828371492661595,0.4432235844807185,0
858,0.529455941937438,0.8134196126377016,0
859,0.06077892633143778,0.09478363800652334,0
860,0.2025545387223774,0.9244410578293096,1
861,0.22835441727204875,0.11665895058269815,0
862,0.779862237587035,0.40674369781805797,1
863,0.725125205481845,0.988347706206013,0
864,0.4105368685042755,0.7175627668674122,1
865,0.8331674857056887,0.6336313879153264,0
866,0.21499599135358338,0.05201175525303292,0
867,0.6165575456476041,0.04763826555645678,1
868,0.5253061878855688,0.6413352480743121,0
869,0.6030172628903031,0.8834564320748697,0
870,0.6389119401551087,0.24123384617017474,1
871,0.6092262661378505,0.45883159296959264,1
872,0.13540695970229621,0.9701019704505203,1
873,0.31624900056004523,0.8789319215274781,1
874,0.3073142738330471,0.5635554560351026,1
875,0.34553669468816806,0.7609604460948822,1
876,0.5337213711519233,0.5108254356552915,0
877,0.5953007327101019,0.013992251120870436,1
878,0.8103933518940132,0.5787430599619712,0
879,0.7102749955733428,0.24021125282553657,1
880,0.4433339732378764,0.049588735993980615,0
881,0.36795911852359187,0.42302800877604374,0
882,0.45741556710403974,0.9881385172825764,1
883,0.4599343737001639,0.0630705731958886,0
884,0.4578508985041434,0.27748551103623864,0
885,0.7712751870563682,0.03929140226060879,1
886,0.2748741504531085,0.2569973775613187,0
887,0.4588610183762042,0.7387563075173958,1
888,0.6021834261877236,0.7084995817786534,0
889,0.8311062298113862,0.4790526504442876,1
890,0.9815912185563326,0.46125217549891384,1
891,0.41793875867671326,0.004347872904484018,0
892,0.3294856438201017,0.5813556517616127,1
893,0.4615298359122961,0.6148020549269398,1
894,0.769595422446691,0.4077012181275482,1
895,0.2577667113160219,0.12469388680820492,0
896,0.6424876998334919,0.2032294181898231,1
897,0.9372389470576538,0.013341585280223445,1
898,0.38205943725719127,0.45188085650088916,0
899,0.9594700025221132,0.4457491185124528,1
900,0.6755686625584512,0.9396373804191983,0
901,0.8984470556028147,0.723413602986635,0
902,0.9464542885673861,0.009603471451774204,1
903,0.7094263623361627,0.9352095750239117,0
904,0.9280060464484925,0.5182977840654798,0
905,0.9861801700140457,0.32186328441425593,1
906,0.00815404842634826,0.4260496816873962,0
907,0.22069235172290524,0.6194429193206199,1
908,0.7051724631900866,0.6253117649931272,0
909,0.30921417643010407,0.2247845612724838,0
910,0.1831401241951467,0.302513908085132,0
911,0.1674629611043742,0.6853592075203947,1
912,0.5592846762621904,0.30666452433701974,1
913,0.21069772020085908,0.3295927601438918,0
914,0.7605264697416745,0.1823852996315578,1
915,0.7707557805602397,0.40290059320073224,1
916,0.4510687492732981,0.7364575914889052,1
917,0.30472130506144834,0.27469215864273544,0
918,0.48028244105130735,0.4902649831781437,0
919,0.09090084127090858,0.537945772014984,1
920,0.2437876512438497,0.6638847862649108,1
921,0.25843082641033344,0.4244572578756882,0
922,0.132902537178875,0.5993622348411867,1
923,0.9324496863077929,0.11659097833875853,1
924,0.18511431881496287,0.29104259522133213,0
925,0.6916009513357806,0.4340224361681033,1
926,0.1886751058960341,0.9693038904654087,1
927,0.7275352764577917,0.7131607012346121,0
928,0.14499522133647325,0.6766055198976406,1
929,0.24258961302883497,0.5343563987579621,1
930,0.13546301093402713,0.47019130046678137,0
931,0.24521357727611515,0.781950679389662,1
932,0.10995174635916038,0.8548085913908035,1
933,0.85735473777361,0.0145299525982312,1
934,0.2548852456989382,0.5906343677421831,1
935,0.8560731064801924,0.6952276208520498,0
936,0.7117314961550685,0.5307351130576538,0
937,0.6092432526597152,0.5205995521048709,0
938,0.6232660612915301,0.9113527969763828,0
939,0.7132381626828894,0.23371740492588589,1
940,0.6090442163003421,0.8679232016001015,0
941,0.8838592572832427,0.6827587854790726,0
942,0.7172993300756929,0.32634111597913695,1
943,0.1812190698572872,0.1344998209488122,0
944,0.2553330460269181,0.33013201787692303,0
945,0.49134132462669244,0.4628228909781039,0
946,0.5089215108955089,0.4838019924498618,1
947,0.7145919167607543,0.029140292074075536,1
948,0.04138889094530929,0.5481727481715977,1
949,0.9468291302787424,0.40650375211249146,1
950,0.49697900894066094,0.8816574224841441,1
951,0.5909113056640005,0.7810365397134612,0
952,0.7850434910595252,0.7509075773232335,0
953,0.21376135484980752,0.666614168182398,1
954,0.3790591457227027,0.29915389690479255,0
955,0.41729250672182905,0.043226155056079296,0
956,0.11954241182533909,0.46310750438243176,0
957,0.3053366150895447,0.18397858671718792,0
958,0.35217965733184897,0.46049778869441216,0
959,0.2220600096157388,0.7816704823655329,1
960,0.468583321916326,0.05452951627635594,0
961,0.5519497663194826,0.7158710764485449,0
962,0.735273555917588,0.5731756993570186,0
963,0.21321992963770175,0.4372037293552863,0
964,0.29186702424077815,0.863901179248763,1
965,0.929817784664849,0.1374758893783543,1
966,0.08474131684129238,0.7768045004139288,1
967,0.8477015911437781,0.20059380205373945,1
968,0.2462566362422779,0.648213239621193,1
969,0.08770008446320898,0.6185858087564895,1
970,0.9424775310477965,0.4004012255355385,1
971,0.5975107332034076,0.7334281227303949,0
972,0.7373011449236511,0.4987123349640291,1
973,0.03212503843086645,0.36442565261901116,0
974,0.17363222776006793,0.5591456208557469,1
975,0.20508098992883406,0.39939865431804467,0
976,0.5642563619656636,0.19806701660797965,1
977,0.342278275423754,0.23015831106082008,0
978,0.17252495065608797,0.8930371615796634,1
979,0.7762549840250424,0.16345698918177065,1
980,0.92464735261644,0.663406570107674,0
981,0.23691001540970724,0.13888269069328918,0
982,0.03170850579868556,0.10464843041159011,0
983,0.08967881076818096,0.3120652886495606,0
984,0.9891187910161938,0.2174699409728904,1
985,0.801957954756395,0.7800584839415985,0
986,0.1732335218964428,0.3352307356192745,0
987,0.13097242952824306,0.022447754968301314,0
988,0.034633751089535925,0.6390926187124449,1
989,0.4347990364771812,0.1877976037514606,0
990,0.05656032740671957,0.19402467738186668,0
991,0.47425523853627216,0.9539309057245726,1
992,0.6404594726819116,0.7858184272920693,0
993,0.4964021009088352,0.48533237349732217,0
994,0.2959149666155154,0.9063495849562471,1
995,0.7446345541096824,0.4134868875213178,1
996,0.14319599307813502,0.2821490589387753,0
997,0.11812706251353133,0.8513906029763364,1
998,0.37900938303213516,0.800542369801622,1
999,0.670155662058938,0.018378289530570302,1
1000,0.48599255590631296,0.1752170115163304,0
1001,0.9231223187448581,0.1845651752483699,1
1002,0.7206605183456845,0.19231314924787224,1
1003,0.5081693124319577,0.7240584647447794,0
1004,0.8501489137059554,0.7961638804525815,0
1005,0.19201632951911052,0.31726627675395347,0
1006,0.33384382507653176,0.808561929520809,1
1007,0.545536617455016,0.6808047124066902,0
1008,0.3326958332277262,0.9511631229614101,1
1009,0.3568965016657918,0.5883545725080794,1
1010,0.5173495994698004,0.284006025425697,1
1011,0.964017254027988,0.138490358583495,1
1012,0.539479261895122,0.5982827860817105,0
1013,0.44036844794778696,0.4391069434039052,0
1014,0.9127523361369452,0.3389261305797022,1
1015,0.04241627321705477,0.40884304633492663,0
1016,0.4885335243974982,0.4115500923847816,0
1017,0.4464314180955177,0.8164966441364655,1
1018,0.8671999688416944,0.6624963037781999,0
1019,0.5756432914875096,0.6664468579062258,0
1020,0.299436030753392,0.71566445438516,1
1021,0.2086770494011848,0.929706983779518,1
1022,0.7396547934094293,0.1288214848882393,1
1023,0.0675120556206108,0.0459162108328669,0
1024,0.18767382180537662,0.14531248403013686,0
1025,0.656963414216632,0.5296652454075957,0
1026,0.017110409653913305,0.4189126117408013,0
1027,0.40109123714477646,0.9925181034690135,1
1028,0.20289026456358494,0.839325268085598,1
1029,0.08279711427706371,0.7234503732874267,1
1030,0.45345623071737684,0.9605393123413073,1
1031,0.7060417481285948,0.9236932549691951,0
1032,0.2401702376179491,0.37751154467888903,0
1033,0.45720755551117254,0.14960853584274936,0
1034,0.2856913323077197,0.7061822220824533,1
1035,0.5989250399554054,0.7994775506803204,0
1036,0.7429147700249684,0.31211457419030786,1
1037,0.28506267890955905,0.5219647669299227,1
1038,0.8883181662260463,0.09741202200613786,1
1039,0.4453027556049256,0.6187492748601989,1
1040,0.12071379619131972,0.16716494823987182,0
1041,0.36076923218964385,0.27566273604869684,0
1042,0.7989740582709589,0.9430879670838548,0
1043,0.19973124670744757,0.09810476257137013,0
1044,0.2888970994082164,0.9533215300213254,1
1045,0.8592370413493334,0.5011657283352297,0
1046,0.18048770664235103,0.23696375919434853,0
1047,0.2589961683072065,0.7525959828313452,1
1048,0.9265943309795861,0.7020466063048246,0
1049,0.1694433475515602,0.8168026721967045,1
1050,0.017510887468636827,0.6471450111166881,1
1051,0.7213614649873427,0.7448703278568263,0
1052,0.5242710747868198,0.1062681218833641,1
1053,0.3923011050894485,0.9978469531587649,1
1054,0.9063912316745816,0.09738384742795947,1
1055,0.4219311977865048,0.8402301787281957,1
1056,0.08016965280498467,0.5877336987023283,1
1057,0.4121202710431313,0.9498333916320433,1
1058,0.7630960993070134,0.9824312251823117,0
1059,0.5248913196734912,0.3626157941486421,1
1060,0.3292836463369072,0.8818788380802446,1
1061,0.5124763468735635,0.6001247203272231,0
1062,0.6976257397155334,0.22051023042297502,1
1063,0.09284663121397518,0.9444705444127554,1
1064,0.7748595216759122,0.3148363242695479,1
1065,0.3435798164914188,0.4145242285482361,0
1066,0.9975494662941936,0.9986489046672712,0
1067,0.5175909204344147,0.4567131506717319,1
1068,0.9234959413469669,0.25004669372465227,1
1069,0.775262547101488,0.9153715296136944,0
1070,0.4914193877280081,0.6609012646457972,1
1071,0.5655240896939316,0.9913337421152302,0
1072,0.16261361172617705,0.9226452296491497,1
1073,0.8672787876697281,0.33869555913991456,1
1074,0.6395457569001296,0.632241101645895,0
1075,0.8752214197213652,0.8090441134898694,0
1076,0.07467983130272549,0.4012415333445537,0
1077,0.3379676270456552,0.5763051341644053,1
1078,0.18519451224518035,0.709103782169528,1
1079,0.6620502021003863,0.501422159420153,0
1080,0.34744759352429366,0.6133851626226584,1
1081,0.13684177082538007,0.6403221394805255,1
1082,0.3212865679742255,0.3688259507024929,0
1083,0.5537150342034836,0.4588152021673979,1
1084,0.48542331476289935,0.35833562152528564,0
1085,0.8653966720421747,0.7032554551756379,0
1086,0.4643354104271755,0.5681895149180349,1
1087,0.9249986621466113,0.10630996742140364,1
1088,0.7799979948859597,0.6140294960969748,0
1089,0.06999192529504317,0.07539336480197545,0
1090,0.7746987919531235,0.10051390080267508,1
1091,0.7621732681982244,0.8785740352732174,0
1092,0.2368843663219119,0.8009914296856498,1
1093,0.817532851181762,0.9308792075849847,0
1094,0.3596334817725113,0.6739694269788319,1
1095,0.5013465732877468,0.8070201810527751,0
1096,0.5868537194718638,0.5905084839314617,0
1097,0.21565897177719495,0.8542935128191635,1
1098,0.44456139855733656,0.8629548363187919,1
1099,0.7130662802803405,0.9010975880326083,0
1100,0.0994557416462466,0.9207038731418308,1
1101,0.7396035129575902,0.5624250833007748,0
1102,0.8946128559903546,0.36564379455418294,1
1103,0.3029365203906158,0.4115622563902458,0
1104,0.05773981240541426,0.17644590626469947,0
1105,0.8298536456945179,0.36186919616161795,1
1106,0.695552950029249,0.018490533400846165,1
1107,0.4658490870576759,0.5175688601802563,1
1108,0.21631964024250516,0.6118207842481155,1
1109,0.7120205509971332,0.32531124739732453,1
1110,0.3064472143108081,0.1385183671247504,0
1111,0.3441260159684689,0.2553333984574122,0
1112,0.007940295997738711,0.34340008744128225,0
1113,0.009821385110682312,0.8064544309580107,1
1114,0.18377121459715173,0.4018449167407422,0
1115,0.8406844026349872,0.1758780879136005,1
1116,0.755680192046546,0.3749142387266805,1
1117,0.07171832404793621,0.5625324697402696,1
1118,0.8316423923788263,0.3426222616074188,1
1119,0.3444852293107651,0.9312476809815516,1
1120,0.1496413472657233,0.508319830863747,1
1121,0.44980020490458905,0.8897095664890459,1
1122,0.027232095340706475,0.0693639412443332,0
1123,0.9414623164519972,0.9204614296376286,0
1124,0.3432231579925721,0.42114886576914656,0
1125,0.02539335825290212,0.2560420019167159,0
1126,0.6497620669596851,0.4527891456486526,1
1127,0.6312246923710038,0.5225909340838748,0
1128,0.3811526378979524,0.9298974214129365,1
1129,0.712153107990588,0.22435203661413217,1
1130,0.28140491778237864,0.8334249711446224,1
1131,0.6592136765491455,0.9480731065376425,0
1132,0.09774550522168901,0.50970202622924,1
1133,0.04250853301022828,0.5189023098487212,1
1134,0.7938981010916746,0.006965780894542806,1
1135,0.6349729228878124,0.5816849392172923,0
1136,0.41127122499083446,0.35306745392416883,0
1137,0.29415056935046646,0.6927455862996895,1
1138,0.9802687760067702,0.595825457307135,0
1139,0.7279201704928083,0.9065802786520685,0
1140,0.5961708842594992,0.7308548304286026,0
1141,0.569345994780624,0.7778085582013611,0
1142,0.8796132684091306,0.17821637656426237,1
1143,0.0529989215948381,0.007884624796809958,0
1144,0.7510628810139437,0.19720587202032158,1
1145,0.6356147445453775,0.8072046999790484,0
1146,0.19950930217141427,0.4592584550754114,0
1147,0.02134998346154182,0.03394780688965626,0
1148,0.37694900524867025,0.1690482746950409,0
1149,0.510792600833491,0.5236527932682922,0
1150,0.6541231271136788,0.7514974720137833,0
1151,0.29568663758488745,0.8854590368674035,1
1152,0.9599987996060444,0.3212248362506429,1
1153,0.7610073004167548,0.9305563769261139,0
1154,0.37608709469706114,0.6437916508200917,1
1155,0.26467277257436495,0.9649337847571384,1
1156,0.8469200913724492,0.49895297693859764,1
1157,0.9472727249823177,0.0007879133009425221,1
1158,0.5997899350541326,0.4011705494407345,1
1159,0.0505054939873516,0.2883779558745784,0
1160,0.5464231407269078,0.9375645692672787,0
1161,0.9842857551880905,0.5737464310756215,0
1162,0.9549347047882445,0.9570516777344684,0
1163,0.20158515691769852,0.8604369631592591,1
1164,0.2547172996464082,0.8615045409453626,1
1165,0.8056753130365801,0.5665578783166954,0
1166,0.011804753890710118,0.547373525962286,1
1167,0.375692422875868,0.21029873811997346,0
1168,0.9190375842864154,0.4237603075018441,1
1169,0.6132675664196926,0.2946809839635517,1
1170,0.035679754332298086,0.4235758565513008,0
1171,0.0681124762018882,0.402372135099321,0
1172,0.4187533703385621,0.0039240075897015725,0
1173,0.6659145168226485,0.39942515979877025,1
1174,0.7881470648413835,0.30064288924229565,1
1175,0.48322272804772026,0.2628406262224797,0
1176,0.9873997938089838,0.9616681609911669,0
1177,0.2063949742991973,0.11062893744560698,0
1178,0.8997626194625875,0.5197810549961448,0
1179,0.1696898066514052,0.38726966852288935,0
1180,0.8356056342685523,0.929536093190411,0
1181,0.05530493771085987,0.06698963805394242,0
1182,0.8430377016429187,0.6054930013507915,0
1183,0.9568660749660846,0.8354773593255449,0
1184,0.2974968696675804,0.7873706505936222,1
1185,0.21959088490580347,0.418065345066146,0
1186,0.36076046805280915,0.619166065651492,1
1187,0.8358102013442297,0.049949661965324466,1
1188,0.9728554816153391,0.08936117626716711,1
1189,0.6849699909550949,0.8603650256471583,0
1190,0.9614040981779421,0.5444760210857923,0
1191,0.7369342333786244,0.35731378925848467,1
1192,0.16191110689318178,0.9226979598833923,1
1193,0.7154353396416723,0.8149211139912866,0
1194,0.8015899554954783,0.014023271481915844,1
1195,0.5699767967758451,0.014383584247350756,1
1196,0.5893077635643997,0.8634148164251266,0
1197,0.505191863144388,0.9672701987274119,0
1198,0.8054845691518242,0.9164287303977332,0
1199,0.2833778826142166,0.26164358210092176,0
1200,0.6618660719370729,0.0291946297068838,1
1201,0.7722170857662588,0.4421913047632955,1
1202,0.13132913584835804,0.6855890638705666,1
1203,0.9399565123470023,0.6948071897119839,0
1204,0.5776444012277577,0.915926464132631,0
1205,0.8641473798864742,0.2940176647935392,1
1206,0.8278129932843283,0.04824160860145543,1
1207,0.22285517492053653,0.601148274593974,1
1208,0.02702433474076782,0.559994385237949,1
1209,0.7406427221777286,0.10684373023348759,1
1210,0.004743806936905126,0.7865821615857245,1
1211,0.28288888215979857,0.6283515430704609,1
1212,0.397592892946818,0.26442868474571646,0
1213,0.00042886285258014745,0.682230941893813,1
1214,0.6925911571035116,0.9638330136377198,0
1215,0.744353867403773,0.5800038049592937,0
1216,0.26565275730479354,0.18744592442084285,0
1217,0.5565032331330977,0.4766402669659294,1
1218,0.6737454958043672,0.37395364253247143,1
1219,0.8880032262261459,0.9456301202854637,0
1220,0.514650359280216,0.6357830336988904,0
1221,0.08008626850065315,0.5504435258333771,1
1222,0.45549910668978144,0.12266015507639993,0
1223,0.6912319450310768,0.6634666883440802,0
1224,0.6196853296286414,0.9584667346048281,0
1225,0.39103879977335376,0.956661185682842,1
1226,0.7561389327536198,0.032172839496756755,1
1227,0.5809638972384602,0.8232574520826297,0
1228,0.80103980515612,0.9082799485281268,0
1229,0.214806410713423,0.012875138419033316,0
1230,0.6547173739817694,0.1739149850429078,1
1231,0.6649631568461519,0.10223532351552356,1
1232,0.989172794579496,0.5718300538451773,0
1233,0.4931376655828079,0.2547578837965442,0
1234,0.12611699394450193,0.12788129984092755,0
1235,0.4793246885036122,0.6309655264714706,1
1236,0.9382262010988853,0.8802158285218495,0
1237,0.05852493397174363,0.723389505303245,1
1238,0.7209436384168926,0.08833376771041845,1
1239,0.7654329595161664,0.9891891483736494,0
1240,0.13758422813133053,0.06752131273050732,0
1241,0.9057717335108724,0.5044435801690416,0
1242,0.9570819374500996,0.0528112785271968,1
1243,0.5697471065794066,0.9152068739455365,0
1244,0.3693137892921524,0.9448016079455669,1
1245,0.6967029639558764,0.3240858928361403,1
1246,0.28232204638426395,0.4573017108704148,0
1247,0.5564767524124087,0.32458916231474033,1
1248,0.48267543828939397,0.9187180596043919,1
1249,0.26132814391260506,0.3376885835080843,0
1250,0.2425441903098149,0.5605005538006161,1
1251,0.7869641075802278,0.588065599453241,0
1252,0.005262499296248002,0.3092069491891244,0
1253,0.500323499959417,0.04546583533873305,1
1254,0.8842788202718527,0.7426938789917525,0
1255,0.4528602275106153,0.965361844362797,1
1256,0.20117532041026043,0.8244761231935192,1
1257,0.6192086971335606,0.44053504345751426,1
1258,0.7973425592115723,0.366483432897062,1
1259,0.6457650648089566,0.3057032955513357,1
1260,0.4787470164926463,0.561497235137497,1
1261,0.9160966634406781,0.1249226615091269,1
1262,0.46060450406666986,0.671351574424992,1
1263,0.0955112969109776,0.005696504832515492,0
1264,0.648085011365742,0.30340592385378595,1
1265,0.5861966724104768,0.773815044806336,0
1266,0.02237084352586316,0.5714325173897477,1
1267,0.5016484670817196,0.9935432913644885,0
1268,0.4703351013470143,0.7400324109190771,1
1269,0.720915674213535,0.47229747507116215,1
1270,0.09480104434744718,0.9804891968195831,1
1271,0.9128101761758972,0.7333109721327383,0
1272,0.16621003162820303,0.7418347428668461,1
1273,0.08822486010007502,0.7851536693763352,1
1274,0.297664210931324,0.5199678769262411,1
1275,0.674814514007777,0.408722479577447,1
1276,0.5399768756135386,0.778916094617953,0
1277,0.8514658464082627,0.01348984308702017,1
1278,0.8363290517673307,0.2277473328466023,1
1279,0.5273387680582448,0.048996928750054236,1
1280,0.2840550364802923,0.9629997563016189,1
1281,0.6764663664086294,0.5419514913756002,0
1282,0.21021571055802346,0.34084581633862954,0
1283,0.880263554914714,0.7254831131426303,0
1284,0.7371166271228508,0.010941782231773556,1
1285,0.754609369042928,0.45778912661453064,1
1286,0.9664014023740292,0.906025092237836,0
1287,0.14821685090404302,0.7083872394826607,1
1288,0.3716741903697529,0.7750392261565898,1
1289,0.31768727284217624,0.8410538104748956,1
1290,0.24027411517256125,0.4703472548492714,0
1291,0.5968415402878272,0.3335884635121541,1
1292,0.5163092028175553,0.5907397676939459,0
1293,0.5818562206492439,0.564046023500825,0
1294,0.6857999137641594,0.6173825725863948,0
1295,0.8582872545417467,0.6728013047244938,0
1296,0.7494293243814467,0.7344190003821939,0
1297,0.013759699546688986,0.13496905399586112,0
1298,0.9049220201841842,0.08981116696972336,1
1299,0.7296240733797508,0.21486913489546633,1
1300,0.08470895513760301,0.6047531896221047,1
1301,0.25402823644913475,0.2102437996832569,0
1302,0.15611154091559942,0.3969607292349431,0
1303,0.7898882168528384,0.868610914792338,0
1304,0.6623193317035849,0.3035592576681724,1
1305,0.7739165773977569,0.8785627833096231,0
1306,0.5639316658522866,0.09677763587748434,1
1307,0.096150836423609,0.12376796816104785,0
1308,0.7568148240480412,0.5505946484680891,0
1309,0.6422329896447838,0.5075475731688704,0
1310,0.27331774986084467,0.9085475804098369,1
1311,0.7766724414474906,0.7138201819879909,0
1312,0.4496072611203059,0.5575511777539758,1
1313,0.7435078247229886,0.7394764473052429,0
1314,0.09520771044776322,0.29027877245181166,0
1315,0.559542304039502,0.11976813784130202,1
1316,0.1425191528253552,0.27587704096367294,0
1317,0.9346336614765336,0.44201352317419973,1
1318,0.6939700247417169,0.0026813095594037106,1
1319,0.3036685837720401,0.765769715322761,1
1320,0.5983762910888486,0.47769063893472763,1
1321,0.43879919054308025,0.495446232182286,0
1322,0.6313623849153778,0.6616691365127946,0
1323,0.2354823431862031,0.5508974347019309,1
1324,0.843439571380428,0.8970701619216451,0
1325,0.5671268678661446,0.10224381271743388,1
1326,0.8176971406991486,0.21671166142012765,1
1327,0.060465476551362474,0.07226551830218686,0
1328,0.3190910983841524,0.36023374713708944,0
1329,0.40085976107558663,0.18950481848213163,0
1330,0.08394496006336827,0.0801791153096093,0
1331,0.9847516764428693,0.8455080067457724,0
1332,0.9623247515250667,0.9969538028472956,0
1333,0.723031781749817,0.17879193399596072,1
1334,0.0871588860823953,0.4006290086483515,0
1335,0.355123726246515,0.15144096838868126,0
1336,0.5703320412822906,0.7681423294916028,0
1337,0.7734819217695894,0.08636125944045281,1
1338,0.10624433456761628,0.5073983567594268,1
1339,0.6583151714516153,0.9071380892557648,0
1340,0.31351040887697657,0.21614372103200907,0
1341,0.30578176372442134,0.90505327485028,1
1342,0.6943535903500441,0.20374042288307415,1
1343,0.7152439720933967,0.10921590928387148,1
1344,0.3995332404721268,0.7944547605842253,1
1345,0.3558104433916971,0.7445015509734959,1
1346,0.059258907868676824,0.9838471051079958,1
1347,0.9795122636392065,0.8591067447725257,0
1348,0.8821274417975544,0.8854113100603995,0
1349,0.6426500849755324,0.7548710931930703,0
1350,0.26166720417809386,0.7287109954547625,1
1351,0.45717947942691073,0.2931781028353039,0
1352,0.21540232050555586,0.1302123041378782,0
1353,0.259340275733312,0.7282559482133122,1
1354,0.21184679430917885,0.28178660865856053,0
1355,0.7820839832377883,0.04817540404136322,1
1356,0.47790847048273866,0.54203529316499,1
1357,0.37672572270262794,0.12205971703190055,0
1358,0.4157950039949524,0.3536779459705256,0
1359,0.40268855547909754,0.6708479402934344,1
1360,0.13008498725926676,0.7824054037303448,1
1361,0.638088482810062,0.575249614314755,0
1362,0.3536219255628915,0.6759775108610109,1
1363,0.2525083635125779,0.8520497111054377,1
1364,0.90849495841951,0.9028214628482841,0
1365,0.2872831541529953,0.708516860800777,1
1366,0.6955809571486684,0.8249408745512304,0
1367,0.08054312807416608,0.2923483009352933,0
1368,0.08779046060163698,0.6277447913829345,1
1369,0.10456202241184986,0.020998987612732667,0
1370,0.41343319048566973,0.1110504294962864,0
1371,0.06185012379614818,0.8902682016683935,1
1372,0.44363291846883246,0.7693016711626727,1
1373,0.338674580775972,0.37518836215731377,0
1374,0.3240761951630533,0.3890461062282299,0
1375,0.1823388592615487,0.3185493461902783,0
1376,0.7608703299762613,0.8267428901076324,0
1377,0.6009136872273608,0.9923464708998202,0
1378,0.8591794384291224,0.08184717908013273,1
1379,0.8898349271133664,0.6678911459883816,0
1380,0.7820202192498674,0.2652899626231494,1
1381,0.06324109973303249,0.044224335811349325,0
1382,0.7925519109805358,0.8458246687497587,0
1383,0.5550131363170504,0.14570433037247077,1
1384,0.9296277541092788,0.18985732541901068,1
1385,0.6485898017761662,0.21257338592772157,1
1386,0.8509347616631626,0.9096662349183825,0
1387,0.4489112312625809,0.10886597110103335,0
1388,0.6323955911554372,0.34161472532045656,1
1389,0.6551863068619577,0.8692869633435002,0
1390,0.5557250795313704,0.05186958589526869,1
1391,0.193223618262919,0.6670249935613343,1
1392,0.924418654549718,0.35774003907986807,1
1393,0.6539868852811038,0.5985431566484287,0
1394,0.48721333570689607,0.20741023009743953,0
1395,0.02189362334328726,0.8760906038827717,1
1396,0.04380567337298047,0.7069062818449159,1
1397,0.9738574932021851,0.011615110256983918,1
1398,0.5959670950217856,0.7389372829652113,0
1399,0.2818478701596553,0.5762519176709507,1
1400,0.27821707075302493,0.1671862641531472,0
1401,0.1991088544783336,0.39478122978789254,0
1402,0.23855592620584976,0.259159701936407,0
1403,0.6725962968317032,0.55347298356368,0
1404,0.30683179338899025,0.878391093090732,1
1405,0.21896855945176952,0.884908686418806,1
1406,0.41733985852440814,0.2231543848887998,0
1407,0.1256997592753002,0.44598985315703565,0
1408,0.8420748703291178,0.6521681202037046,0
1409,0.47590926335438677,0.47375214565636425,0
1410,0.18186899163829584,0.969886805575992,1
1411,0.6435032215664155,0.7731327544314475,0
1412,0.8169461779638434,0.36307815974357494,1
1413,0.9038206360769253,0.6574560408872592,0
1414,0.9290945374093008,0.22632056942812906,1
1415,0.7178489539055893,0.3112637419024976,1
1416,0.6213790514973331,0.1116097315553003,1
1417,0.16531343015041233,0.48706910738691145,0
1418,0.13527526325578365,0.5530756073721943,1
1419,0.16253776323573355,0.9484243691819861,1
1420,0.08294908905106302,0.6380616314149782,1
1421,0.931173137854943,0.9441201215822955,0
1422,0.9961494035170274,0.284976437608931,1
1423,0.054652326631460246,0.5314420680429106,1
1424,0.42571508500973354,0.4987109780526878,0
1425,0.2596347036577258,0.4833684494494094,0
1426,0.47521378928694835,0.7879611340828773,1
1427,0.4162930226872388,0.11750486351829126,0
1428,0.6817900509851146,0.6673772550037942,0
1429,0.21419985206080538,0.28239525316868885,0
1430,0.5066385833909964,0.7092963778517584,0
1431,0.8358870799427099,0.9102509021197673,0
1432,0.08513072601508209,0.9526025299806499,1
1433,0.9393940221179338,0.6545724839672205,0
1434,0.7068289270432218,0.08355496052623734,1
1435,0.8894710668666912,0.35006502993941924,1
1436,0.19454604557292854,0.1782740044593032,0
1437,0.8536491361532165,0.4554362245677822,1
1438,0.034751543981482724,0.9206320043836561,1
1439,0.5454622828239357,0.879921541855413,0
1440,0.5255496971640959,0.2936111466745164,1
1441,0.5964440922799057,0.5520722503960281,0
1442,0.9792779170104646,0.9179504908631421,0
1443,0.5754544986542107,0.21851473597822246,1
1444,0.6914676193728971,0.052637601031627845,1
1445,0.015296689239738481,0.11057528489565704,0
1446,0.7836174567714091,0.12820903728527122,1
1447,0.90115998432366,0.9994543518290057,0
1448,0.04869375530367526,0.06526425505252487,0
1449,0.7058188792227531,0.6527275355546399,0
1450,0.28892311550216787,0.5091107718843996,1
1451,0.3311295237824595,0.02355819595818731,0
1452,0.3324995024855173,0.4118237284021069,0
1453,0.2734495941677568,0.4191311590483956,0
1454,0.40337522459165587,0.3200827402203952,0
1455,0.6264592769808576,0.8829357811173612,0
1456,0.861860567336456,0.32433583867497673,1
1457,0.661999974464616,0.20063526522592068,1
1458,0.8519369310358645,0.8332376974862366,0
1459,0.9750072455545559,0.4838557031410685,1
1460,0.20506262316398416,0.5490280705878609,1
1461,0.9898473165753745,0.11699101395855027,1
1462,0.9605425854597193,0.6437786007962666,0
1463,0.5989798354616074,0.2736137304939392,1
1464,0.16948749266813723,0.6909567122595097,1
1465,0.9376402789626697,0.3638499970644975,1
1466,0.4226908043492482,0.5496460333116507,1
1467,0.8446198932000742,0.7261249823660506,0
1468,0.2292556511905206,0.24126169976829415,0
1469,0.8370246261844286,0.3267147750061542,1
1470,0.28934751983225626,0.22430237263237873,0
1471,0.5293372535148001,0.8267690424794862,0
1472,0.799153003283633,0.38594843714097316,1
1473,0.27413724212230606,0.5842502531762347,1
1474,0.17418818059237973,0.15806793956085474,0
1475,0.9934909241112801,0.4687835641251107,1
1476,0.2877543683098922,0.3744014711405077,0
1477,0.20223841400657416,0.734688065897074,1
1478,0.27968716063350774,0.4010906307830058,0
1479,0.1487953214971276,0.7996537800417531,1
1480,0.9898288005843602,0.7581756779720312,0
1481,0.9246365224055563,0.758619182119957,0
1482,0.7729748570607489,0.14338903257458102,1
1483,0.08084521891876195,0.7571901520711857,1
1484,0.7518682764165564,0.10467838118017248,1
1485,0.993331097135508,0.5155757035632903,0
1486,0.49866780889553886,0.9290429105080124,1
1487,0.24007325067099883,0.11014366431793676,0
1488,0.950379808583634,0.11461447172413752,1
1489,0.16538155504009822,0.7541598494845896,1
1490,0.542307403269301,0.4672033996362891,1
1491,0.7263444610070733,0.7744587537577767,0
1492,0.028975352376696684,0.6697827510955211,1
1493,0.16299883321519892,0.8621244718249038,1
1494,0.18252485086832415,0.4349523930006308,0
1495,0.39900453336405184,0.03187809884478898,0
1496,0.2814789255258906,0.227236201028156,0
1497,0.6327914054102629,0.9340241264002185,0
1498,0.6118909417869529,0.7859043921479685,0
1499,0.448952362312404,0.20930712276402608,0
1500,0.1839718862214088,0.48065981296054394,0
1501,0.5249556139939819,0.4647470775225371,1
1502,0.5278248904094635,0.5855975558416331,0
1503,0.4121333787510377,0.07335444236774058,0
1504,0.13299905976030235,0.3906277320208593,0
1505,0.5188604618885866,0.8978707674766312,0
1506,0.3159576584338478,0.45074779693533684,0
1507,0.16824811904452253,0.5539753951263102,1
1508,0.2959584337129103,0.39642376242059185,0
1509,0.09682268506349367,0.3154998106622432,0
1510,0.11180827477525523,0.8502767514393937,1
1511,0.9457552540801102,0.236026072160468,1
1512,0.3491861513584775,0.8417208205695966,1
1513,0.46892720231645457,0.15095928908580458,0
1514,0.7449064540586624,0.6418355203130235,0
1515,0.6329188607098427,0.16647929338091405,1
1516,0.6243970114773142,0.3028083423202099,1
1517,0.03702739925616072,0.4351141113071012,0
1518,0.21080657040658934,0.9025520562110356,1
1519,0.5507090499018694,0.6039307000038621,0
1520,0.19041999786254182,0.4179835419301421,0
1521,0.3040448984422256,0.13560701685451526,0
1522,0.44958658079137004,0.39600600456338,0
1523,0.775532030226347,0.945956020393932,0
1524,0.21571080563377176,0.5760413016006988,1
1525,0.5605578226694835,0.05491977238058887,1
1526,0.19703383088646942,0.09361397749826861,0
1527,0.7231919296876819,0.8770719301594472,0
1528,0.7587366375429171,0.5166323698889844,0
1529,0.9335420301608388,0.9702726198986925,0
1530,0.44240101180720093,0.09164275904297525,0
1531,0.3425863642451463,0.6595850982329097,1
1532,0.5567919081204812,0.5846445884162653,0
1533,0.06611134201853419,0.5928444580593111,1
1534,0.8448289771391163,0.45627292329031055,1
1535,0.9629613841926496,0.21521356007786507,1
1536,0.38126727766726964,0.8904996925403427,1
1537,0.027974642922738213,0.5593387661910393,1
1538,0.8022862680608448,0.4672451056779986,1
1539,0.7483394215851668,0.6870584032261013,0
1540,0.6661776086403475,0.33629731585568756,1
1541,0.23826805014547825,0.08210873683398145,0
1542,0.12217586053987028,0.7323746364988165,1
1543,0.736532266091998,0.9557166781297189,0
1544,0.42991446031238534,0.24789859892639066,0
1545,0.1851073739047151,0.16752184052295072,0
1546,0.030384409844127935,0.5757093913622134,1
1547,0.007992470035860788,0.018778005618171778,0
1548,0.026740995232442777,0.5542633226657326,1
1549,0.09155766586974134,0.4436285446924302,0
1550,0.061684908203358035,0.739924152143081,1
1551,0.03697774592651493,0.016166763001689177,0
1552,0.7424166027981532,0.4695037763147937,1
1553,0.7006957872406413,0.41556303499569747,1
1554,0.5730763207742419,0.9508358713799921,0
1555,0.9632329454524832,0.9153888944387002,0
1556,0.5823630853458683,0.4865932042561648,1
1557,0.8793367500590329,0.7140890547005864,0
1558,0.8173443045420385,0.1043837627237022,1
1559,0.5305495920184187,0.3610402593480775,1
1560,0.016332030942997955,0.08054541654234171,0
1561,0.9504168485923088,0.6331491079638125,0
1562,0.9879071792299597,0.2325547684466459,1
1563,0.8034043013429931,0.08696222488262573,1
1564,0.9545252772166365,0.4858129120121434,1
1565,0.5757204419617453,0.3539802111493805,1
1566,0.652903495277187,0.115274669757778,1
1567,0.3818862133194463,0.04509825784978827,0
1568,0.14143757901261433,0.5582412863177121,1
1569,0.6672054315579874,0.949028325965943,0
1570,0.6339551921439756,0.0720257124828384,1
1571,0.8919654059534186,0.6551983392179345,0
1572,0.4916974376508084,0.23546126999893846,0
1573,0.313110981838161,0.5575118036359803,1
1574,0.6247705705545469,0.15783403417821673,1
1575,0.8631313715042848,0.24713239804271414,1
1576,0.6088776071260001,0.8214532407817765,0
1577,0.48919490055910864,0.054214753084947054,0
1578,0.22312133380367705,0.834017816901325,1
1579,0.24356752748326194,0.9238990262425166,1
1580,0.06860922235537614,0.8087800422745263,1
1581,0.9513526868654836,0.9724988438885829,0
1582,0.12994543659888524,0.029146742867778186,0
1583,0.05616392532716219,0.7088378119106306,1
1584,0.6638484241732728,0.355796608799271,1
1585,0.7799738884678695,0.9143981091260764,0
1586,0.06700034777955866,0.886167514001152,1
1587,0.9561370866594412,0.5113805440016143,0
1588,0.5841256413516109,0.6489297796784914,0
1589,0.8527277853038128,0.008627483287703797,1
1590,0.9772426764881895,0.0036436943913147335,1
1591,0.8923149569760026,0.24376528136370612,1
1592,0.24814901475663753,0.5315542266305617,1
1593,0.8749129556925312,0.061853540640438576,1
1594,0.5558116030892719,0.5761230767737838,0
1595,0.6756634799141115,0.6899273207703476,0
1596,0.1113466702563164,0.0019231197562346036,0
1597,0.4376027506978194,0.23482320917940835,0
1598,0.8040542661572356,0.32720502632440096,1
1599,0.9726279997815749,0.6827254290324041,0
1600,0.5640705008843819,0.9188726340991735,0
1601,0.08712267060016143,0.6181715178431405,1
1602,0.20630977543275508,0.5608846794503459,1
1603,0.42007287006204497,0.004619330597675608,0
1604,0.9594493782034031,0.5923202693670657,0
1605,0.5535724666179039,0.012647258499041802,1
1606,0.3224287131101037,0.7775004656048395,1
1607,0.9755954000728548,0.9534606670544252,0
1608,0.8934265781545739,0.3789262760518559,1
1609,0.5810814198851176,0.5704966300205733,0
1610,0.3603794288859906,0.4745373276986199,0
1611,0.16131416085000927,0.48897341850096754,0
1612,0.30795519502942403,0.12251526547957259,0
1613,0.10678235356041743,0.6326532704589443,1
1614,0.6485126741419521,0.8145670725541682,0
1615,0.3707998284190106,0.8242790322674085,1
1616,0.5782317511935832,0.7567364537456338,0
1617,0.9147179735676833,0.6770614295289807,0
1618,0.6939667097731225,0.8978441872435639,0
1619,0.8432353606609684,0.016627025907942294,1
1620,0.7565836557930964,0.6168236666362574,0
1621,0.5554500992285029,0.22266750394469792,1
1622,0.05258890652306236,0.9800935180318205,1
1623,0.7814865277252069,0.5578471123596849,0
1624,0.674068631911738,0.4188852705795454,1
1625,0.5699966757151524,0.14136722074123897,1
1626,0.05035931611777977,0.36774827574180324,0
1627,0.8090012820225874,0.023266651936208915,1
1628,0.888837891837287,0.6454658474443785,0
1629,0.27959964157733086,0.5342008121784196,1
1630,0.22805247622829494,0.4640499022885486,0
1631,0.15968588929517025,0.42205714632182834,0
1632,0.5271843287681419,0.4263379749464844,1
1633,0.4686724146366702,0.17423559983923986,0
1634,0.5539642791035607,0.18283872200074147,1
1635,0.29447731271821476,0.43701383213308853,0
1636,0.6311570901384763,0.5230081265722863,0
1637,0.004923013234796936,0.629152061965626,1
1638,0.5762595432555185,0.9142969423086044,0
1639,0.634559166323276,0.8846590064519975,0
1640,0.527690830154054,0.7027732333239963,0
1641,0.676445166224671,0.4412176682747313,1
1642,0.6698706443548788,0.8142300038797543,0
1643,0.2422473815928945,0.7892867765708841,1
1644,0.5951663019065382,0.1799672402950545,1
1645,0.6521759784880051,0.7973768084526794,0
1646,0.7446896173691454,0.13434817442077684,1
1647,0.552372008043851,0.40728020206433313,1
1648,0.2821609635398844,0.7434848037053723,1
1649,0.8565593954274732,0.6114113162268291,0
1650,0.7167722738313766,0.7659218971585765,0
1651,0.918053160803429,0.841676830338677,0
1652,0.4582436339654812,0.5019690778068101,1
1653,0.1591394423272251,0.5191094038142008,1
1654,0.018296758248931067,0.9031872998406408,1
1655,0.15491008908376358,0.15895884279984374,0
1656,0.4907052161637536,0.8237258636516624,1
1657,0.7058243807150125,0.08477998635726869,1
1658,0.5959301981696183,0.5766917813381935,0
1659,0.5135935227457215,0.34206850348831186,1
1660,0.26638136334819673,0.4337147625918878,0
1661,0.6156320737940442,0.627379670353897,0
1662,0.45088887479249995,0.26388881402683095,0
1663,0.2670752817654659,0.12497605650052368,0
1664,0.5919627519954265,0.6430919669819126,0
1665,0.05958878743102314,0.4227801903456858,0
1666,0.758888659155551,0.06749469397487207,1
1667,0.7261638746292604,0.46703062854060273,1
1668,0.1427789091443865,0.4080167810852837,0
1669,0.19933748411243812,0.5639663467869988,1
1670,0.9119773451688995,0.6228071639222201,0
1671,0.11916531133169861,0.907054443766327,1
1672,0.06859628736219203,0.9725150330829481,1
1673,0.22513316953794715,0.18057476535221872,0
1674,0.929611688549543,0.845989564761015,0
1675,0.08445137746059128,0.4440133445563583,0
1676,0.2067062441961819,0.3241505146813747,0
1677,0.9898225764420245,0.14507394627781112,1
1678,0.18814362071467416,0.644668252804468,1
1679,0.5738645524140412,0.07141950239001371,1
1680,0.4599877581744346,0.1451751393879379,0
1681,0.7556213565447043,0.5767562834333101,0
1682,0.17108399423454523,0.09687050651649465,0
1683,0.17757499095379803,0.9617976097226756,1
1684,0.6508038129006353,0.15941582218214645,1
1685,0.7545438350827666,0.2913833910351732,1
1686,0.2352830411536908,0.6552446394679701,1
1687,0.266134845359594,0.5960033520795598,1
1688,0.6430036706858776,0.8432683283355003,0
1689,0.42771975876519974,0.4606523294178959,0
1690,0.9429613325250419,0.9712578088153566,0
1691,0.3947400185540133,0.46690261431045543,0
1692,0.14080487182065504,0.20971046271873617,0
1693,0.09878265265814101,0.1866140339640513,0
1694,0.6637094950995005,0.3912118203198154,1
1695,0.17931177825936084,0.3270813737643138,0
1696,0.5743120885038699,0.22943688771983084,1
1697,0.6644969924639258,0.5579813362547137,0
1698,0.9037726831038991,0.42731200054156704,1
1699,0.195425086098036,0.37732366338430345,0
